api/bff-api/rest/v1/components/manager/components.yml
  h_a041df4244d543 64,85,87,110,115,128,142,164,177-188,204,221,223,226,242,258,308,338-339,371,400,425,449,503,546,572,594-595,622-623,651,665,667,674,676,745-754,767,783,810,833,879,881,890,898,900,902,911,934,938,948,952,959,961,969,971,992,1018,1052,1061-1071,1082,1103,1131,1135,1160,1164,1181,1185,1216,1220,1231-1232,1242,1311,1325-1335,1356,1359,1361,1371-1381,1403,1447,1460,1481-1493,1513,1549,1586-1593,1638,1694,1698,1702,1707,1719-1736
api/main-api/rest/v1/components/scheduling/components.yml
  h_a041df4244d543 7,33,38,43,48,53,58,63,68,73,79,85,91,97,103,109,116,122,128,134,144,152,154,161,163,234-243,256,272,300,323,370,372,380,393,395,403,410,414,418,425,429,433,458,482,498,502,511,515,527,543,571,576,594,599,626,630,640-641,651,712,716,718,728-730,745,752,754,797,816-831,848-855,900,931,941,952,956-969,1107,1122,1135,1137,1150,1167-1178,1211,1215
---
{
  "schema_version": "authorship/3.0.0",
  "git_ai_version": "1.7.5",
  "base_commit_sha": "8995db675c8ea8f75c27bb82ca6a0de1c9dd3bbf",
  "prompts": {},
  "humans": {
    "h_a041df4244d543": {
      "author": "sergiobpa <sergiobpa@ext.inditex.com>"
    }
  }
}